10014835
100384
1004
100427
100431
100460
1005
100598
100921
10103488
101237
10130754
101342292
101351
101407
101414
1015
10154248
101572300
101581923
1016
101863
10198038
10198186
102124
10219459
10219532
10219970
10220083
102302
102571803
10261259
10262421
10330128
10331572
1034
10351876
10374782
10375338
10375416
10375719
10397098
10400369
10422621
10442640
104467
104781
104817
104885
104962
105
1051
1053
10541
1055
105820
106
107737
10778625
107909
107980
10898921
10921447
10929328
10933597
10943314
10955453
10964403
10987940
10997850
11008747
11016
11020078
11031538
110532
110710
11085481
11094579
11127644
11147437
11165593
112018
11275743
11287340
11321202
11344592
114256
114257
114261
114509
11458565
114691
11470070
11481364
115123
11520025
115298
11550267
11558354
11658394
11672960
11698
11701095
117171
117441
11746707
117690
11776
117780
118020253
118143996
11816380
11819124
118796916
118926
118987337
119044
119401
119559
120197
12029255
120311
120321
120332
120333
120334
120335
120420
12054
120825
120985
121308980
1216
121693
121947
122179
122184355
122250
122271
122331
122357
12241336
12241338
122606445
122873
123046
123165
123226979
123317
123342
123414
123732
123737020
123874
123912
124576
12482992
12487824
12496115
12519
12541
12549197
12552766
12573
125799
12585494
12625404
12653237
12654651
126573
126582
12671
126713382
12671872
12673
12679
12685
126892
12691392
12691406
12716772
12730175
12730177
127415
12759079
127766
12793
12795583
12829634
12844541
129196501
129317
12958
12959
129643930
129657089
129662964
129712520
129717351
129722595
129734664
129746463
129747846
129748379
129764525
129764798
129767618
12977
129771637
129774886
129778726
12978473
129798711
129809567
129809654
129813795
129852664
129859671
129876995
130021
13021075
13097
13128691
13130
13134
13139
13199
13209642
13210
13282
13312173
13397950
134076
134205
13441110
13459336
134897480
135013352
135081692
135081826
13511151
13526
13531341
135342
135437
135451578
135495920
135504827
13586904
136094
136108
136191
136203
136238
136260
136280
136305
136382
136483
136486
136643
13675
13676
136851
136869
136939
13708
13709
137102
13719551
13725115
13743862
137901
138036
13818
138652
13869
138843
138929
139353
139566
139599
139787
13978813
139853
139888
14017
14028
14028521
140379
140401
140428
140518
14056322
140657
140936
14122812
141535
141561
141621
14178411
141910
14210
14226801
142563
142604
14294502
143061
143062
143340
143445
14345805
143466
143550
143774
144133
144486
144547
14459
144783
144806
14481
144845
145288
14541446
145657
145658
145983
14787578
14842361
14892896
14915858
14944358
14953498
14984422
150
15049146
150629
15066
15067
150950
151020
151104
151144
151185
151187
151197
15157
15158
152119
15608185
15737842
157763
15786916
15786925
158287
15960798
16131072
1629
165212
165802
16688114
16703323
16706833
167254
16737
168140
1682
170990
17303
17304
17305
17345
17522
17580
17612
17717
17759041
177895
18065
182032
1854
185489
186
18682
18763741
18908
18922902
190278
190999
1950
19657
197063
1982
19869084
19883
199401
20085058
201037
201241
201552
20278734
20299129
204482
205862
208
2115
2141
214508
21540728
21590578
216
216064
216711
21677649
21720419
2207
22460128
22613681
22639277
22639555
2307044
23356115
23415768
23423070
23426
24267
24387
24613
24614
24779944
24813
250878
2526
25815
258368
25843
2733289
2734136
278
2784572
28213
2927
296260
296996
298836
301283
3034435
303553
3039706
3047200
3065789
3072533
3073
3079421
3079448
3080588
3082
31200
31215
3122
312437
31354
31435
316380
320709
323835
328228
3290949
339
3415
3418
3496
357450
378
38334
3857
386462
41192
4134640
4206734
4312
4373654
44152094
44405134
446269
466
46900406
46900410
4794
4797
519285
521290
5230
5242667
5260062
527629
529
53387992
53685113
5370072
53704103
53712646
53728136
53728769
53745997
53757170
53770155
53833042
53876261
53941367
53948524
54012614
54017772
54032342
54042304
54131578
54142368
54151676
54245017
54302182
54342695
54375037
54446102
54514218
54543462
546
546133
5464527
5486938
5489174
5520
5521
56841869
56993005
56998760
57011297
57014730
57072819
57076861
57086059
57095246
57110568
57128894
57158712
572
57268239
57293396
57302541
57308421
57318291
57493527
57973285
58303797
58520021
58625788
587
58714799
58788805
58808205
59
59116626
59116627
59403563
59561007
5958
59903268
59936837
60240
615685
6327678
6369389
638157
6396515
6455305
6535
654
659558
659707
659905
66304
66627695
668
669
67052680
67197672
67334365
67724596
68125618
68457433
68789566
68983
69035644
6911879
69173874
69238837
69500944
69588108
69863980
69887074
71112
71343987
71344065
71346435
71346492
71351567
71358762
71367859
71391553
71391892
71392769
71444117
71445421
71447305
71587126
72199437
724
729
72904
754
76276
77622
7881
792
796925
8289
84920
853560
85471
85532938
85650747
87064362
87998854
88101824
88170031
88449500
88528966
88779457
88997240
89155862
90058113
90390846
90467070
90724458
90826826
90931493
91037073
91091054
91174747
96668
97571
98611
9877786
99058
99241
9964332
99791
99928