138036
68457433
285304
114636
17717
69588108
100598
123414
114691
56998760
53757170
22460128
3484268
18763741
53728136
14459
120197
61194
71391892
65107
24813
107980
136191
114989
185489
182032
136260
12978473
114861
91091054
144806
140657
587
88997240
17304
105820
53685113
521290
90826826
69035644
41192
1004
15158
140518
12679
71346492
17305
71444117
66627695
190999
129876995
4186632
11147437
12654651
129196501
82948
99156
64505
58303797
11242245
11672960
69863980
2784572
13312173
7305
13511151
5359254
25200464
12673
15786916
126997
3084658
18908
140379
853560
99241
69973
75652
88101824
5459861
53833042
6327678
13719551
22639277
520014
17303
69898
11482650
129764525
140936
74150
76818
68125618
101407
296260
117690
75780
134076
61759
54032342
61245
88170031
24387
75508
292336
87064362
129852664
144845
88528966
70596
13139
538967
54302182
136486
119044
53876261
102124
136305
22497
185939
446269
69954
85650747
13689
93502
12573
135013352
74419
6369389
143340
654
54575349
12519
14915858
135495920
13531341
2141
59936837
13134
250878
96198
101382979
90724458
4571928
9332
14345805
57493527
74799
57308421
69639
138929
136851
75638
123342
143774
107909
10929328
13459336
57318291
61681
57128894
73909
57086059
91037073
5139911
13949191
10265589
24404
165212
13526
54151676
16131072
139599
135504827
14210
101414
101863
117441
136483
73905
5370072
90390846
17759041
34488
298836
13199
15049146
129662964
10898921
53770155
199401
77622
54342695
72904
129717351
129813795
129748379
76768
23356115
12585494
4184170
320153
30709
168140
145658
517954
4118228
44152094
114256
91543
197063
139353
580184
129809567
77638
2733289
100460
24267
53245689
9039
69936
9477
101581923
57076861
3960826
15157
4618
4590856
123226979
123874
76872
536199
139566
15786925
61195
1982
66180
100431
69611
152119
129767618
128500
129747846
70017
81087
14226801
84775
101572300
129746463
58520021
71358762
81954
71343987
16133246
71351567
71367859
141910
59403563
320709
87048
123317
138843
22613681
134205
12671
5453
137901
16706833
15960798
71346435
129764798
71445421
68789566
165802
6911879
69990
536496
136382
7881
56993005
13676
8264
70090
15643
655
59903268
94853
57293396
59116626
12549197
74232
12977
19869084
54514218
13725115
24614
96668
69003
114261
65566
123165
122606445
61246
129657089
102302
15355
72199437
3690
4096
24613
23426
13675
12482992
59561007
145983
4568796
62665
96271
28213
520177
13978813
73910
71344065
144133
19364513
177895
53704103
80052
116387
11357019
129809654
54131578
69610
119105
78439
144783
72903
90931493
14953498
57014730
19883
79727
77716
88449500
13441110
74836
123737020
2734136
9738
114509
158287
57011297
19016
5464527
4117656
11698
14944358
62432
25201528
11481364
58714799
57110568
100427
5486938
73906
17612
30684
53745997
22833510
527629
10375416
13949192
120321
69173874
57302541
7871
117780
2907
11275743
99269
67334365
10379025
75654
53728769
99928
138652
139853
13282
26751
129778726
145657
308171
67752
122331
13586904
91174747
117171
44580540
71587126
167254
20278734
71482
102015867
90058113
5936
170990
129712520
114257
31321
129722595
58788805
53712646
16703323
18922902
20299129
3080588
107744
145288
5489174
74544
71391553
14028521
11558354
129798711
3290949
5260062
11288209
31435
136643
11016
216711
519285
3072533
101013938
143550
70605
66283
6500
58625788
135437
16688114
