12241338
68125618
12977
16688114
129809567
135081826
729
754
144845
140657
1016
13978813
668
129767618
14944358
54514218
1015
1004
12793
129717351
4797
69238837
69887074
57308421
99241
792
529
129771637
115298
22639277
53704103
138929
2526
99928
117441
135437
58625788
105
71391553
121947
71343987
1051
5958
11458565
91174747
151104
107737
298836
110532
127766
66627695
15737842
129774886
53948524
122331
68789566
58520021
378
72199437
106
143466
18922902
654
54032342
216
6455305
1034
129748379
22460128
1055
150
669
151187
13719551
144133
13134
6327678
123912
144547
11520025
2784572
56841869
724
71391892
135081692
144783
138843
71346492
10964403
140936
3418
90058113
57095246
129657089
123732
150629
13130
14056322
129747846
14915858
129662964
59
129712520
118143996
99058
19869084
101581923
129813795
5489174
90724458
22639555
58808205
107909
129798711
13586904
54131578
5486938
13725115
151197
88449500
150950
57268239
121308980
53833042
57158712
151020
90826826
85532938
11550267
88170031
138036
122271
10374782
123046
120985
10898921
136238
13282
57110568
56998760
208
122250
135451578
6369389
105820
186
85650747
143774
3290949
54151676
12241336
1005
278
129764525
57128894
214508
118020253
59561007
466
136191
90931493
10400369
88997240
6911879
67334365
145288
12496115
122873
140379
129746463
2115
123874
1053
141910
122357
