101414
13459336
119044
13397950
96668
24613
57973285
134076
12585494
143062
216711
303553
145658
119559
190278
519285
296260
14028521
177895
11481364
137901
72904
129778726
11165593
44152094
100431
12671
357450
140518
120321
145657
59116627
89155862
853560
84920
796925
23423070
12829634
71392769
101407
13531341
12844541
24813
57293396
59903268
66304
199401
13743862
67724596
13097
122606445
117780
521290
11016
10987940
11321202
11672960
123317
88528966
21677649
4373654
12679
54042304
129722595
2734136
53728136
67052680
12759079
20299129
120197
2307044
3079421
59116626
59403563
57014730
12673
126713382
4134640
