5520
99269
54446102
97571
88779457
65566
31435
13949192
1982
13312173
4096
205862
15158
90467070
7305
114261
67197672
119105
107744
158287
54142368
7871
54543462
114256
84775
38334
120334
3072533
71447305
615685
520177
102302
3039706
13675
69898
320709
64505
151185
250878
120311
114257
145983
11344592
102124
41192
10955453
10397098
323835
71444117
121693
126997
128500
54375037
114861
23415768
120333
201241
60240
527629
13949191
53941367
3047200
201552
100460
120332
10265589
104467
101342292
120335
54245017
15643
69611
185489
12549197
312437
