796925
137901
12679
59403563
13097
21677649
84920
12829634
89155862
3079421
24813
117780
303553
145657
140518
101407
521290
120321
59116626
11165593
13743862
199401
100431
129722595
59903268
23423070
4373654
67052680
119044
57293396
2307044
101414
134076
519285
11481364
853560
44152094
143062
12673
2734136
12844541
122606445
123317
11672960
71392769
296260
54042304
11016
190278
88528966
145658
10987940
12585494
14028521
13397950
177895
11321202
120197
126713382
57973285
357450
53728136
24613
96668
72904
12671
13531341
119559
20299129
67724596
57014730
129778726
66304
13459336
59116627
4134640
216711
12759079
