162204
3079438
281242
75723
135490839
10422256
10331572
71455354
10921447
279168
6918236
493041
73188
445715
182612
25056375
14842361
272986
1629
339
21889008
129317
177120
72711518
22280522
15285969
22280715
20185729
15295
3496
446987
15247809
214694
100384
15234907
4694355
2207
3013932
25056378
12730177
44268212
1216
13818
279159
14017
4312
12625404
15870643
19801600
44329294
50897582
44272296
6436667
3062646
72711298
572
122184355
2773805
196997
14541446
5950212
5180708
541499
10422621
80089
110710
10375719
1682
493059
15122078
22065535
3972752
22280633
12671872
444721
1617110
4324257
79477
12054
22280713
3584615
20337235
76839
75795
16747847
126892
101351
10014835
2927
4545574
22280574
79264
10220083
50902542
176049
27982
18650356
11085481
46878267
3011381
61973
11031538
12795583
15738646
19084811
71451806
60172
11470070
18650354
493054
13021075
101349
73186
46878265
445446
22280501
3011382
44268282
1950
10130754
1617430
168725
10262421
29920088
14787578
125799
179394
124576
446873
14122812
1641
23731253
89954
10933597
11020078
348490
15410810
25055681
13209642
447534
71451807
12730175
39981
445375
11949961
11127644
53363177
79484
16216823
23452327
20185728
3035602
3857
104962
114756
10198186
1795545
1854
126582
11492994
181769
6604838
45487848
10219970
50897581
24857885
204482
546
444719
53250308
68736
46216773
101237
127415
14557539
178368
12029255
74766022
44457233
135342
53590
81312
80092
71957
126573
14984422
10198038
10778625
3415
3122
204484
46231211
291825
