12625404
123414
339
13209642
135504827
14028
122179
24267
13021075
11127644
10921447
11020078
1682
125799
2207
12685
127415
14459
10997850
126582
546
2141
3073
13511151
12958
190999
10219970
122184355
11746707
11085481
140428
12730175
135342
135495920
110710
11008747
10014835
122873
10943314
3857
14842361
11816380
142563
104962
13818
182032
115298
10262421
126892
13128691
11031538
1216
1854
12653237
1950
10331572
10130754
151144
17717
12054
101237
11470070
10198038
14541446
12730177
124576
11698
10933597
112018
572
3496
100384
10375719
129317
10422621
2927
3415
12029255
28213
10198186
204482
101351
14984422
126573
100598
14122812
1629
134205
14787578
14017
4312
13526
101863
150950
587
3122
12795583
11658394
10220083
14210
10778625
13139
12671872
143340
