10014835
100384
101237
10130754
101351
10198038
10198186
10219970
10220083
10262421
10331572
10375719
10422621
104962
10778625
10921447
10933597
11020078
11031538
110710
11085481
11127644
11470070
12029255
12054
1216
122184355
124576
125799
12625404
126573
126582
12671872
126892
12730175
12730177
127415
12795583
129317
13021075
13209642
134205
13511151
135342
135495920
135504827
13818
14017
14122812
14541446
14787578
14842361
14984422
1629
1682
1854
1950
2207
2927
3122
339
3415
3496
3857
4312
546
572
587
