62773
3034794
439452
59
439871
160886
6107844
439276
74188
21804
119401
439162
3039
1055
1051
21896400
561
7925
6535
45934311
17280
10400369
1015
2526
4420
754
81525
14056322
439398
439278
439399
440194
440102
168137
446381
83430
439236
439217
440043
1005
99058
3082052
82641
23724607
44610740
724
440431
16769
45487828
23353
65533
11987823
39891
6433329
105
439288
5371562
5355863
121947
5371558
2115
439198
11988266
188960
15391
99791
57689797
439184
104993
440236
12241336
3080745
151197
12691406
3246323
439279
443201
439404
439747
83133
151187
14299674
378
729
11276402
75573
11207678
122250
74689
169406
110532
13869
443198
54679073
669
199942
3418
529
19787
135451578
440997
439905
14892896
439396
75267
12241338
65127
91493
106625
30819
8295
61572
123732
439284
208
447634
68841
104817
69507
8289
439436
106
466
5284462
13358088
186
12793
18603327
122357
12573513
123912
23615404
82355
11242708
120420
193537
439160
15066
1137
3964633
18621
446561
11458565
449303
447568
77982
4797
668
13130
54702575
12691392
118796916
5563
21145142
150
449304
440160
10541
120825
150629
192838
439168
25163995
439167
105047
188324
11550267
5958
792
216
10107
151104
303454
127766
15390
329
439427
74190
104885
16741216
446060
439190
21805
122271
62009
102571803
188314
53477720
120985
15389
107737
440901
448027
1053
13708
447096
151020
13745
191445
439287
24906327
5842000
65369
440641
440101
46943420
16738
439958
25195353
1034
1016
174549
644175
43545
10374782
278
6433175
446761
65118
90551
15648788
439183
151438
118987337
193886
