201037
5464527
136280
136643
58303797
123226979
57318291
61759
136869
53757170
12978473
54012614
71367859
53770155
20085058
58788805
316380
5139911
85471
386462
536199
53387992
71358762
62665
117690
129734664
129859671
69936
134897480
69639
71351567
114509
87998854
123737020
66180
13441110
53712646
123165
57302541
16703323
546133
5260062
12654651
135013352
136305
53685113
11776
57011297
57076861
136382
54302182
20278734
68457433
18763741
5370072
14345805
21590578
15049146
56993005
23356115
129196501
12482992
15157
61194
71344065
77622
88101824
22613681
129764798
12573
68983
143061
91037073
129876995
15608185
136260
12552766
136939
53728769
71587126
14953498
15960798
69035644
136851
57086059
15786925
69954
87064362
10304870
14178411
12716772
59936837
24387
69863980
53745997
91091054
12519
123342
139566
71346435
58714799
11275743
53876261
16706833
6396515
90390846
76872
144806
69500944
136486
12487824
76276
2733289
129809654
54342695
136483
139353
129852664
15786916
14226801
10929328
446269
69173874
13199
137102
71445421
139599
24614
69588108
21540728
139853
143550
140401
138652
538967
129643930
117171
