123226979
6396515
5464527
57318291
91091054
71587126
15608185
117690
58714799
136643
136939
56993005
71445421
71367859
15786925
114509
53728769
69500944
20085058
12487824
136260
12716772
14345805
123165
13441110
15049146
5370072
129196501
117171
53770155
23356115
87998854
139353
20278734
91037073
2733289
129764798
57302541
53745997
77622
53685113
446269
69588108
136382
68983
90390846
24387
24614
201037
136851
12552766
71344065
14953498
76276
16703323
11776
143061
139853
54342695
16706833
87064362
12978473
139566
18763741
316380
129859671
140401
12519
58788805
13199
129643930
85471
136280
53712646
134897480
57076861
138652
136305
136483
137102
14178411
10929328
53876261
21540728
57086059
12482992
54302182
143550
123737020
14226801
136869
15786916
21590578
123342
53387992
88101824
386462
5260062
58303797
15960798
54012614
71351567
129852664
546133
129809654
11275743
12573
129734664
139599
71346435
22613681
69863980
15157
136486
57011297
12654651
59936837
68457433
129876995
69035644
71358762
69173874
135013352
144806
53757170
